Temp=[ 
1.197888  1.873474  0.016838 -0.699634
-0.376618 -1.820055 -0.036081 -0.702076
-0.697350 -1.911630  0.045702 -0.702076
-1.052100 -1.881105  0.002405 -0.699634
-1.037521 -1.881105  0.007216 -0.699634
-1.018083 -1.881105  0.026459 -0.702076
-1.018083 -1.888736  0.007216 -0.702076
-1.018083 -1.881105  0.021648 -0.702076
-1.018083 -1.881105  0.012027 -0.699634
-1.018083 -1.873474  0.012027 -0.699634
-1.018083 -1.881105  0.016838 -0.702076
-1.013223 -1.881105  0.012027 -0.702076
-1.018083 -1.881105  0.016838 -0.699634
-1.018083 -1.881105  0.012027 -0.702076
-1.013223 -1.888736  0.012027 -0.702076
-1.013223 -1.881105  0.016838 -0.702076
-1.013223 -1.888736  0.016838 -0.702076
-1.008364 -1.881105  0.016838 -0.699634
-1.018083 -1.888736  0.012027 -0.702076
-1.018083 -1.888736  0.021648 -0.702076
-1.018083 -1.881105  0.021648 -0.702076
-1.022943 -1.881105  0.012027 -0.702076
-1.022943 -1.881105  0.012027 -0.699634
-1.022943 -1.888736  0.016838 -0.702076
-1.018083 -1.881105  0.021648 -0.702076
-1.022943 -1.881105  0.012027 -0.702076
-1.018083 -1.881105  0.016838 -0.702076
-1.022943 -1.896368  0.016838 -0.706960
-1.022943 -1.896368  0.012027 -0.709402
-1.032662 -1.911630  0.016838 -0.711844
-1.037521 -1.911630  0.016838 -0.714286
-1.037521 -1.926893  0.016838 -0.719170
-1.042381 -1.934524  0.016838 -0.721612
-1.042381 -1.934524  0.016838 -0.721612
-1.047240 -1.934524  0.016838 -0.724054
-1.052100 -1.949786  0.016838 -0.726496
-1.052100 -1.949786  0.012027 -0.726496
-1.056960 -1.949786  0.012027 -0.731380
-1.061819 -1.957418  0.016838 -0.731380
-1.061819 -1.965049  0.016838 -0.736264
-1.061819 -1.972680  0.021648 -0.733822
-1.066679 -1.972680  0.016838 -0.736264
-1.066679 -1.987943  0.016838 -0.741148
-1.071538 -1.987943  0.016838 -0.741148
-1.076398 -1.995574  0.016838 -0.743590
-1.081258 -2.003205  0.012027 -0.750916
-1.081258 -2.018468  0.012027 -0.750916
-1.086117 -2.010836  0.016838 -0.755800
-1.100696 -2.026099  0.012027 -0.755800
-1.110415 -2.033730  0.012027 -0.760684
-1.120134 -2.048993  0.016838 -0.763126
-1.124994 -2.041361  0.016838 -0.760684
-1.124994 -2.056624  0.016838 -0.760684
-1.134713 -2.048993  0.016838 -0.763126
-1.139573 -2.064255  0.016838 -0.770452
-1.144432 -2.071887  0.016838 -0.770452
-1.144432 -2.071887  0.016838 -0.775336
-1.144432 -2.079518  0.016838  0.777778
 0.405775  1.911630  0.093810  0.780220
 0.760525  2.140568 -0.012027  0.785104
 1.124994  2.071887  0.040891  0.785104
 1.295079  2.087149  0.002405  0.789988
 1.261062  2.087149  0.036081  0.789988
 1.251343  2.102412  0.002405  0.794872
 1.251343  2.110043  0.031270  0.799756
 1.256203  2.117674  0.007216  0.799756
 1.261062  2.125305  0.026459  0.809524
 1.270781  2.148199  0.012027  0.811966
 1.270781  2.148199  0.021648  0.816850
 1.285360  2.163461  0.012027  0.816850
 1.290220  2.163461  0.016838  0.816850
 1.295079  2.171093  0.016838  0.819292
 1.295079  2.171093  0.021648  0.819292
 1.309658  2.178724  0.016838  0.829060
 1.309658  2.201618  0.016838  0.829060
 1.314518  2.201618  0.012027  0.831502
 1.319377  2.201618  0.016838  0.831502
 1.319377  2.201618  0.016838  0.836386
 1.329096  2.224512  0.016838  0.841270
 1.333956  2.224512  0.016838  0.838828
 1.333956  2.239774  0.016838  0.848596
 1.338816  2.247405  0.016838  0.853480
 1.338816  2.255037  0.016838  0.851038
 1.343675  2.255037  0.016838  0.858364
 1.353394  2.277930  0.016838  0.855922
 1.363114  2.277930  0.016838  0.855922
 1.377692  2.270299  0.012027  0.855922
 1.387411  2.285562  0.016838  0.860806
 1.392271  2.285562  0.012027  0.865690
 1.397131  2.300824  0.016838  0.865690
 1.401990  2.300824  0.016838  0.868132
 1.406850  2.300824  0.016838  0.870574
 1.406850  2.300824  0.016838  0.870574
 1.411709  2.323718  0.012027  0.875458
 1.411709  2.331349  0.012027  0.880342
 1.411709  2.331349  0.016838  0.880342
 1.411709  2.331349  0.016838  0.880342
 1.406850  2.331349  0.016838  0.885226
 1.416569  2.354243  0.012027  0.887668
 1.416569  2.361874  0.016838  0.887668
 1.416569  2.361874  0.016838  0.897436
 1.406850  2.377137  0.016838  0.897436
 1.411709  2.377137  0.012027  0.899878
 1.421429  2.384768  0.016838  0.897436
 1.416569  2.384768  0.021648  0.907204
 1.426288  2.407662  0.016838  0.904762
 1.426288  2.400031  0.016838  0.909646
 1.436007  2.400031  0.016838  0.909646
 1.440867  2.415293  0.016838  0.909646
 1.450586  2.415293  0.016838  0.909646
 1.455446  2.415293  0.016838  0.916972
 1.460305  2.430556  0.016838  0.916972
 1.465165  2.430556  0.016838  0.919414
 1.470024  2.438187  0.016838  0.919414
 1.474884  2.438187  0.016838  0.919414
 1.489463  2.445818  0.016838  0.926740
 1.499182  2.453449  0.012027  0.926740
 1.202747  0.667735 -0.002405 -0.919414
-0.741087 -2.674756 -0.040891 -0.921856
-0.799402 -2.483974  0.045702 -0.921856
-1.178449 -2.476343 -0.007216 -0.929182
-1.275641 -2.491606  0.031270 -0.929182
-1.227045 -2.483974  0.002405 -0.931624
-1.217326 -2.506868  0.026459 -0.931624
-1.217326 -2.514499  0.007216 -0.938950
-1.222186 -2.522131  0.021648 -0.938950
-1.217326 -2.522131  0.012027 -0.941392
-1.227045 -2.529762  0.016838 -0.946276
-1.251343 -2.545024  0.016838 -0.951160
-1.261062 -2.552656  0.016838 -0.951160
-1.309658 -2.552656  0.016838 -0.951160
-1.314518 -2.560287  0.016838 -0.958486
-1.329096 -2.575549  0.016838 -0.960928
-1.343675 -2.567918  0.012027 -0.960928
-1.343675 -2.583181  0.016838 -0.963370
-1.343675 -2.583181  0.012027 -0.963370
-1.338816 -2.590812  0.016838 -0.970696
-1.348535 -2.598443  0.016838 -0.968254
-1.358254 -2.598443  0.012027 -0.968254
-1.353394 -2.606075  0.012027 -0.973138
-1.358254 -2.613706  0.016838 -0.970696
-1.367973 -2.613706  0.016838 -0.980464
-1.363114 -2.628968  0.016838 -0.978022
-1.363114 -2.628968  0.016838 -0.980464
-1.367973 -2.628968  0.016838 -0.980464
-1.363114 -2.636600  0.016838 -0.982906
-1.363114 -2.636600  0.016838 -0.980464
-1.377692 -2.636600  0.012027 -0.990232
-1.397131 -2.659493  0.016838 -0.990232
-1.401990 -2.659493  0.016838 -0.990232
-1.421429 -2.506868  0.016838 -0.995116
-1.401990 -2.644231  0.012027 -0.997558
-1.450586 -2.781593  0.012027 -1.063492
-1.460305 -2.857906  0.012027 -1.092796
-1.479744 -2.903693  0.012027 -1.095238
-1.508901 -2.934219  0.016838 -1.092796
-1.504042 -2.926587  0.012027 -1.090354
-1.470024 -2.926587  0.012027 -1.090354
-1.479744 -2.918956  0.016838 -1.090354
-1.508901 -2.926587  0.016838 -1.092796
-1.513761 -2.926587  0.012027 -1.090354
-1.484603 -2.926587  0.012027 -1.090354
-1.479744 -2.926587  0.012027 -1.192918
-1.552637 -3.186050  0.007216 -1.192918
-1.581795 -3.201313  0.007216 -1.261294
-1.615812 -3.376832  0.007216 -1.261294
-1.557497 -3.376832  0.012027 -1.258852
-1.620672 -3.376832  0.007216 -1.256410
-1.606093 -3.369200  0.012027 -1.261294
-1.610952 -3.376832  0.007216 -1.261294
-1.625531 -3.376832  0.012027 -1.258852
-1.713004 -3.376832  0.007216 -1.258852
-1.737302 -3.376832  0.012027 -1.258852
-1.698425 -3.369200  0.007216 -1.290598
-1.688706 -3.453144  0.007216 -1.288156
-1.620672 -3.521825 -0.002405 -1.356532
-1.586654 -3.636294 -0.002405  1.383394
 1.154151  3.437881  0.180403  1.412698
 1.713004  3.918651  0.161160  1.412698
 1.377692  3.743132  0.151538  1.483516
 1.596374  3.918651  0.088999  1.481074
 1.810195  3.941545  0.088999  1.483516
 1.771319  3.987332  0.098620  1.515262
 1.805336  4.025488  0.060134  1.512820
 1.766459  4.025488  0.117863  1.512820
 1.834493  4.033120  0.064945  1.512820
 1.868510  4.017857  0.113053  1.515262
 1.737302  4.025488  0.064945  1.583639
 1.883089  4.185745  0.055324  1.583639
 2.004579  4.216270  0.055324  1.581197
 1.960842  4.201007  0.064945  1.578755
 1.975421  4.208639  0.069756  1.581197
 2.024017  4.201007  0.036081  1.620269
 2.101770  4.307845  0.055324  1.620269
 2.033736  4.307845  0.093810  1.620269
 1.892808  4.307845  0.117863  1.620269
 1.853932  4.307845  0.141917  1.688645
 1.999719  4.475733  0.141917  1.686203
 1.960842  4.490995  0.161160  1.683761
