Temp=[
-0.688767 -8.284875 -3.851723
-0.684371 -8.261218 -3.809870
-0.684615 -8.236798 -3.827188
-0.681929 -8.212378 -3.814199
-0.680708 -8.188721 -3.794475
-0.678755 -8.166591 -3.780043
-0.675824 -8.142934 -3.752621
-0.676068 -8.119277 -3.745887
-0.676068 -8.094093 -3.736745
-0.673382 -8.065096 -3.694412
-0.669719 -8.039148 -3.688638
-0.670940 -8.017017 -3.673725
-0.669719 -7.989545 -3.656888
-0.668254 -7.969704 -3.625618
-0.668254 -7.944520 -3.617921
-0.666789 -7.921626 -3.598678
-0.665568 -7.898734 -3.578954
-0.665079 -7.873550 -3.577029
-0.665324 -7.852945 -3.555381
-0.665079 -7.823183 -3.538062
-0.665324 -7.797236 -3.534694
-0.664591 -7.772817 -3.525554
-0.661905 -7.750688 -3.493804
-0.660440 -7.727794 -3.485144
-0.660440 -7.701847 -3.472155
-0.659219 -7.681242 -3.462052
-0.657998 -7.653769 -3.440885
-0.655556 -7.632402 -3.417313
-0.655067 -7.607219 -3.405286
-0.657998 -7.584326 -3.387486
-0.654579 -7.553037 -3.359584
-0.654090 -7.530908 -3.335049
-0.653846 -7.507249 -3.321579
-0.653846 -7.481303 -3.301374
-0.653602 -7.457647 -3.298968
-0.653602 -7.433227 -3.295120
-0.652381 -7.412622 -3.267217
-0.652137 -7.385149 -3.245569
-0.651893 -7.363782 -3.227288
-0.650916 -7.340125 -3.196500
-0.651160 -7.308838 -3.180624
-0.651404 -7.285180 -3.158976
-0.653114 -7.263049 -3.148873
-0.651160 -7.239392 -3.116641
-0.657021 -7.214209 -3.115679
-0.655800 -7.191316 -3.104614
-0.653602 -7.164607 -3.090663
-0.652381 -7.143239 -3.067091
-0.649695 -7.119582 -3.033415
-0.649206 -7.095925 -3.034858
-0.648962 -7.069979 -3.032934
-0.647497 -7.042506 -3.005032
-0.645543 -7.015797 -2.987232
-0.644322 -6.995192 -2.971838
-0.643590 -6.970773 -2.957886
-0.643101 -6.947115 -2.955000
-0.645055 -6.923457 -2.948746
-0.642125 -6.899039 -2.925173
-0.640659 -6.877671 -2.898714
-0.638706 -6.851724 -2.893903
-0.640171 -6.829595 -2.880433
-0.640171 -6.805174 -2.863596
-0.637973 -6.773886 -2.853493
-0.638217 -6.752518 -2.814045
-0.639194 -6.728861 -2.812602
-0.637241 -6.702915 -2.783737
-0.635775 -6.682311 -2.752949
-0.635043 -6.657891 -2.729857
-0.633822 -6.634997 -2.735630
-0.630647 -6.607525 -2.705803
-0.632112 -6.583868 -2.688966
-0.630159 -6.560974 -2.684636
-0.629426 -6.531212 -2.640858
-0.635043 -6.506029 -2.616323
-0.630403 -6.485424 -2.616324
-0.628449 -6.459478 -2.598524
-0.627961 -6.438873 -2.585054
-0.626496 -6.413690 -2.561962
-0.625763 -6.389270 -2.563405
-0.623321 -6.364851 -2.545125
-0.621856 -6.342720 -2.526362
-0.619414 -6.316773 -2.493169
-0.620147 -6.292354 -2.486915
-0.619414 -6.264882 -2.467672
-0.621123 -6.241225 -2.440250
-0.618681 -6.217566 -2.437845
-0.618437 -6.193147 -2.433034
-0.615995 -6.170253 -2.404170
-0.618193 -6.148122 -2.413791
-0.616484 -6.122939 -2.364241
-0.615507 -6.096231 -2.360392
-0.612821 -6.074862 -2.332971
-0.612088 -6.051206 -2.333452
-0.610379 -6.019917 -2.307955
-0.609890 -5.997787 -2.295928
-0.609402 -5.974894 -2.298333
-0.609402 -5.950473 -2.281015
-0.609890 -5.924527 -2.264177
-0.607204 -5.898581 -2.243491
-0.608669 -5.879502 -2.224729
-0.606471 -5.855845 -2.217032
-0.605739 -5.830662 -2.202600
-0.605006 -5.804716 -2.182394
-0.603297 -5.784112 -2.150162
-0.609646 -5.753587 -2.106385
-0.606960 -5.731457 -2.125146
-0.602076 -5.704747 -2.087142
-0.600122 -5.681089 -2.071266
-0.599390 -5.659722 -2.059721
-0.596948 -5.633013 -2.055391
-0.597192 -5.613172 -2.037110
-0.594505 -5.584936 -2.011613
-0.594505 -5.565095 -1.997181
-0.593773 -5.537622 -1.987559
-0.594750 -5.508624 -1.975532
-0.602076 -5.482677 -1.935122
-0.593040 -5.460546 -1.947149
-0.590110 -5.434600 -1.930792
-0.589622 -5.413232 -1.904814
-0.589377 -5.394155 -1.909144
-0.586691 -5.367445 -1.889901
-0.585470 -5.341498 -1.861999
-0.584737 -5.320131 -1.842275
-0.583761 -5.296474 -1.831691
-0.584493 -5.272054 -1.806675
-0.582784 -5.244582 -1.785027
-0.583028 -5.215583 -1.779254
-0.608425 -5.194979 -1.727779
-0.586447 -5.171322 -1.744617
-0.583516 -5.145375 -1.737881
-0.582540 -5.120955 -1.728741
-0.583028 -5.098062 -1.725374
-0.578877 -5.075931 -1.678228
-0.580586 -5.049222 -1.650326
-0.577900 -5.025565 -1.645515
-0.576435 -5.000382 -1.630121
-0.576435 -4.975198 -1.620499
-0.575458 -4.950778 -1.597408
-0.571551 -4.927884 -1.582976
-0.570330 -4.903465 -1.569024
-0.569597 -4.879045 -1.551225
-0.572528 -4.855387 -1.534387
-0.568132 -4.831731 -1.513701
-0.567155 -4.806548 -1.498788
-0.566667 -4.784417 -1.477620
-0.565934 -4.762287 -1.474734
-0.562760 -4.733288 -1.459821
-0.563492 -4.707341 -1.457896
-0.573260 -4.685210 -1.416043
-0.564225 -4.659264 -1.418929
-0.564225 -4.637897 -1.415562
-0.560073 -4.611951 -1.389103
-0.557143 -4.588294 -1.373227
-0.561783 -4.567689 -1.345325
-0.556899 -4.542506 -1.336665
-0.555434 -4.518086 -1.314055
-0.555678 -4.487561 -1.305877
-0.552992 -4.463141 -1.297698
-0.549817 -4.441010 -1.277493
-0.549084 -4.417354 -1.264985
-0.564469 -4.392933 -1.223613
-0.551771 -4.371566 -1.222651
-0.548840 -4.346383 -1.206294
-0.551282 -4.320437 -1.191862
-0.558120 -4.297544 -1.158187
-0.551770 -4.274649 -1.157706
-0.553724 -4.250992 -1.144717
-0.548108 -4.221231 -1.119701
-0.547863 -4.196047 -1.106231
-0.547375 -4.170865 -1.098053
-0.544689 -4.151785 -1.079772
-0.542247 -4.124312 -1.070631
-0.543712 -4.101420 -1.040323
-0.541758 -4.080815 -1.040323
-0.538095 -4.055632 -1.022043
-0.538339 -4.031212 -0.998470
-0.539072 -4.007555 -0.997989
-0.537363 -3.977793 -0.989811
-0.535409 -3.951084 -0.966238
-0.534921 -3.930480 -0.957579
-0.547863 -3.904533 -0.926309
-0.538828 -3.880113 -0.924866
-0.534432 -3.858746 -0.909952
-0.535165 -3.834326 -0.897925
-0.535897 -3.810668 -0.880126
-0.534188 -3.787012 -0.869061
-0.530525 -3.765644 -0.860883
-0.531258 -3.738171 -0.834424
-0.532723 -3.712225 -0.816624
-0.528083 -3.687042 -0.810370
-0.528571 -3.664148 -0.793051
-0.530281 -3.642781 -0.768035
-0.529060 -3.616071 -0.752160
-0.523932 -3.590125 -0.739652
-0.527106 -3.566469 -0.724258
-0.524908 -3.545864 -0.714636
-0.528083 -3.518391 -0.701647
-0.522222 -3.493972 -0.678074
-0.520024 -3.465736 -0.661718
-0.517582 -3.444368 -0.651615
-0.517338 -3.420711 -0.641513
-0.515140 -3.395528 -0.631891
-0.513675 -3.372634 -0.616978
-0.511722 -3.347451 -0.602065
-0.510012 -3.322268 -0.590038
-0.512210 -3.300137 -0.578011
-0.511477 -3.278006 -0.558768
-0.508791 -3.252060 -0.552514
-0.507326 -3.227641 -0.543855
-0.506349 -3.200168 -0.530866
-0.505861 -3.175748 -0.530866
-0.502930 -3.153617 -0.511623
-0.501709 -3.128434 -0.494785
-0.500488 -3.105540 -0.473137
-0.499267 -3.081883 -0.458705
-0.497802 -3.054411 -0.448602
-0.497314 -3.033806 -0.425510
-0.496825 -3.009386 -0.413484
-0.495116 -2.986492 -0.402900
-0.493651 -2.955967 -0.388949
-0.494872 -2.931548 -0.374998
-0.492186 -2.907128 -0.356717
-0.493895 -2.885760 -0.344690
-0.492186 -2.859814 -0.333144
-0.492918 -2.839209 -0.323042
-0.491209 -2.813263 -0.312939
-0.490720 -2.791896 -0.299469
-0.488278 -2.765949 -0.280707
-0.486569 -2.740766 -0.273491
-0.485592 -2.718635 -0.260021
-0.488034 -2.690400 -0.247994
-0.486569 -2.664454 -0.232118
-0.482173 -2.641560 -0.222978
-0.481197 -2.619429 -0.211913
-0.480220 -2.595009 -0.203254
-0.479976 -2.569063 -0.192670
-0.480952 -2.546932 -0.181125
-0.477289 -2.524039 -0.170060
-0.482173 -2.501145 -0.152260
-0.488278 -2.475961 -0.135422
-0.486813 -2.444673 -0.120990
-0.487790 -2.423306 -0.107039
-0.483150 -2.398123 -0.096455
-0.487546 -2.375229 -0.083947
-0.481685 -2.352335 -0.071440
-0.478266 -2.327915 -0.068072
-0.497802 -2.304259 -0.058451
-0.497070 -2.281365 -0.051716
-0.511233 -2.253892 -0.032954
-0.497802 -2.233288 -0.018521
-0.479243 -2.211157 -0.006495
-0.496581 -2.177579 -0.003608
-0.537851 -2.153922  0.007457
-0.489011 -2.131792  0.007457
-0.516606 -2.107372  0.002646
-0.541026 -2.084478  0.005532
-0.538584 -2.060821  0.010343
-0.523199 -2.035638  0.011305
-0.519536 -2.013508  0.012748
-0.547375 -1.986798  0.011305
-0.559829 -1.965430  0.013230
-0.567643 -1.941774  0.014673
-0.529548 -1.912775  0.014192
-0.527595 -1.889881  0.014192
-0.572283 -1.863171  0.012748
-0.520513 -1.844093  0.015635
